11004
11307
11698
12255
13009
13261
13268
13269
13577
13764
13904
13931
13947
14231
14232
14446
14498
14519
14891
15122
15123
15148
15227
15268
15844
16385
16500
16501
16689
16949
17284
17557
17584
17827
18153
18154
18228
18568
18624
18625
18650
18843
18844
18880
19512
19652
19661
19843
20034
20115
20600
20794
20800
20801
21098
21186
21188
21347
21392
21404
21516
21720
21721
21774
21932
21933
22186
22244
22254
22256
22415
22499
22592
22593
22595
22597
23162
23187
23189
23205
23237
23238
23239
23315
23344
23401
23411
23453
23454
23673
23674
23675
23676
23701
23706
23736
23737
23738
23739
23764
23802
23805
23808
23940
24045
24077
24176
24177
24229
24243
24294
24295
24358
24359
24363
24423
24424
24464
24465
24550
24838
25027
25134
25315
25317
25318
25352
25356
25358
25419
25424
25426
25435
25436
25437
25438
25439
25440
25441
25483
25484
25494
25496
25497
25498
25500
25501
25535
25559
25560
25572
25582
25583
25589
25590
25593
25594
25603
25604
25657
25658
25662
25664
25719
25720
25721
25722
25731
25744
25751
25752
25753
25755
25766
25767
25768
25777
25816
25890
25899
25901
25902
25921
25923
25958
25959
25960
25961
25962
25964
25965
25966
25976
25977
25979
25980
25981
25982
25984
25988
25989
25990
25991
26016
26017
26051
26052
26054
26066
26123
26124
26125
26239
26266
26376
26409
26416
26465
26825
26850
26851
26852
27025
27026
27028
27034
27036
27037
27078
27090
27177
27178
27216
27217
27219
27228
27327
27328
27329
27338
27339
27388
27502
27503
27504
27519
27545
27563
27647
27697
27706
27707
27721
27722
27723
27765
27784
27792
27794
27795
27981
28003
28012
28123
28124
28125
28126
28130
28131
28132
28170
28171
28178
28212
28224
28225
28226
28278
28312
28324
28325
28326
28374
28380
28381
28382
28384
28391
28392
28421
28422
28427
28428
28430
28494
28495
28496
28497
28590
28638
28665
28666
28667
28668
29146
29147
29148
29149
29759
29761
29766
29999
30000
30009
30011
30032
30078
30080
30081
30082
30083
30159
30220
30221
30222
30248
30250
30251
30252
30253
30254
30265
30309
30310
30311
30313
30321
30425
30426
30431
30487
30488
30489
30490
30491
30492
30497
30498
30500
30504
30505
30519
30606
30607
30608
30609
30616
30635
30784
30807
30809
30810
30811
30821
30822
30895
30896
30897
30902
31030
31031
31034
31037
31042
31043
31095
31183
31184
31185
31189
31190
31191
31194
31369
31370
31509
31518
31869
31870
31911
31923
31978
31979
31980
31981
31982
32015
32033
32034
32274
32277
32337
32350
32353
32354
32394
32395
32397
32398
32408
32557
32558
32559
32571
32572
32573
32654
32656
32667
32897
32959
32960
32971
32972
32973
33033
33034
33083
33127
33129
33154
33155
33201
33373
33374
33375
33387
33388
33389
33480
33532
33546
33740
33764
33987
33988
34071
34115
34117
34118
34120
34121
34122
34159
34161
34162
34211
34215
34252
34288
34332
34491
34708
35234
35258
35260
35289
35290
35336
35337
36037
36062
36063
36065
36067
36068
36069
36509
36621
36622
36684
36686
36700
36701
36717
36718
36748
36749
36750
36962
36963
37013
37025
37026
37027
37076
37077
37078
37080
37093
37095
37097
37145
37146
37155
37249
37297
37311
37312
37365
37619
37620
37643
37716
37717
37718
37719
37720
37828
37840
37842
37844
37845
37862
37916
37917
37918
37919
37967
37970
38013
38060
38063
38077
38119
38120
38228
38231
38250
38261
38357
38453
38501
38505
38506
38507
38536
38537
38569
38574
38575
38599
38601
38673
38674
38675
38705
38706
38725
38726
38727
38744
38759
38792
38850
38887
38905
38947
39044
39280
